Number of moves: 23

Execution Time: 431.64092803001404 seconds

2 7 5
0 8 4
3 1 6

2 7 5
3 8 4
0 1 6

2 7 5
3 8 4
1 0 6

2 7 5
3 8 4
1 6 0

2 7 5
3 8 0
1 6 4

2 7 5
3 0 8
1 6 4

2 0 5
3 7 8
1 6 4

0 2 5
3 7 8
1 6 4

3 2 5
0 7 8
1 6 4

3 2 5
7 0 8
1 6 4

3 2 5
7 6 8
1 0 4

3 2 5
7 6 8
0 1 4

3 2 5
0 6 8
7 1 4

3 2 5
6 0 8
7 1 4

3 2 5
6 1 8
7 0 4

3 2 5
6 1 8
7 4 0

3 2 5
6 1 0
7 4 8

3 2 0
6 1 5
7 4 8

3 0 2
6 1 5
7 4 8

3 1 2
6 0 5
7 4 8

3 1 2
6 4 5
7 0 8

3 1 2
6 4 5
0 7 8

3 1 2
0 4 5
6 7 8

0 1 2
3 4 5
6 7 8

